xcenter = 507.0556565582959
ycenter = 386.0226387770249
factor0 = 1.043621773661155
factor1 = -0.00030164823309816014
