xcenter = 540.458397460768
ycenter = 370.03551013636974
factor0 = 1.059184495974431
factor1 = -0.00031684258653550627
